55.69982120022053 51.43175005962245 601
55.687199600583085 51.37402875629055 582
55.6652918188959 51.406777051628886 585
55.347780216936805 51.378650200050075 600
54.99423620187354 51.34889429708535 599
54.78245470713505 51.328518033219375 594
54.66860443275611 51.32013474987363 578
54.414686701032025 51.30349334589227 582
54.04812669883192 51.28047183767613 589
53.69568367784468 51.25591503160752 588
53.31277431709577 51.22956993654223 587
52.05728452540826 51.15226964165614 588
51.6228474087328 51.126884696759376 590
51.089305001635076 51.10025985338923 588
50.41718601078787 51.07734737203651 584
50.025588936517394 51.071187320782904 587
49.645964449113144 51.0659663694273 590
49.277017591377415 51.06661493876514 583
48.932885565740406 51.06394407834731 581
48.71932492802297 51.06587297458183 637
48.4540494335323 51.05983930256631 622
47.53863370973743 51.09187554862302 537
47.289363594095455 51.09213065539125 573
47.04264773744233 51.10100102139524 498
46.669235904494194 51.11168552730952 532
46.29283961029101 51.13183368506535 563
46.131464804355524 51.14707833711089 590
46.098779617461034 51.15106583014368 606
45.99009564915375 51.10135692850528 604
46.414694965592574 51.36971777011335 605
46.401940182250534 51.19994390656819 609
47.41677161138801 51.36889239031736 614
46.20949234794868 51.700661804285375 612
46.31168815499274 51.76384486288872 617
46.06926956732044 51.627574662479425 615
45.993151999819304 51.803580342698154 622
45.92208446596818 52.07543594406175 620
45.8758948455335 52.25903752570146 621
45.85509983473586 52.36926121905376 620
45.69941315378326 52.27569086633608 618
45.71850190362443 52.34848046185348 587
45.6715343191794 52.34486592454795 595
45.69058745468156 52.36659831471961 598
45.72161354741363 52.396963986956294 591
45.74689328160436 52.47024413422329 583
45.82484835365517 52.563808821639334 588
45.84132870211232 52.70684215325062 578
45.8436189221464 52.84828664195106 580
45.84918981268911 53.03761818215418 568
45.86470935927855 53.12631291599704 588
45.86917344173324 53.24668480345271 608
45.88503775859285 53.36931753077408 578
45.82246316447423 53.51426469413591 646
45.96178416406544 53.39575318526567 657
46.31821822770133 54.04731020120257 649
45.49549834690285 53.27533234686838 630
45.45846174629569 53.25946433690436 614
45.12776566545336 53.36192478289252 608
44.8712936840579 53.521970215984936 609
44.644019126039176 53.594949232354416 583
44.618438389259566 53.607612836054436 572
44.594792061752685 53.621092453170554 565
45.162837172714454 53.86452874863399 551
44.90681122197243 53.917337824877734 519
44.688060659047615 54.75679674218349 506
44.478180691341606 54.90908818701201 520
45.09541922039884 57.97675981716962 496
45.12995604237055 58.25527128381425 518
45.17179882629351 58.54184951371184 564
45.17769280334035 58.56764122440773 571
45.4068917841035 58.51444669521083 588
45.63849324393619 58.553892343308036 591
46.05201672769445 58.41537444957941 586
46.691657129637086 58.06612637291332 580
47.00939642337057 57.96436666513189 579
46.96932156208406 56.2595148719589 572
47.32478255742602 57.84827303121155 565
46.64463690494103 59.17916244590449 563
46.82786616690798 58.177210377144135 558
47.14126035919253 58.3384480655513 554
47.37769155206139 58.18571472427763 561
47.793818765203845 58.198447518101766 566
48.08517066657098 58.1935576656479 572
48.182633454039554 58.183343386917976 573
48.42885838658817 58.170579717204745 577
48.5168056298633 58.17470370300367 574
48.496471253882724 58.237680570969495 567
48.86545576172074 58.331258468129974 561
49.31282482295474 58.41022943410629 564
49.699095601452754 58.51554102585847 563
50.05486912266554 58.60206485065492 558
50.424729992232294 58.70137793697311 561
50.519329965024376 58.73149458234728 560
50.82497711994759 58.81326435658817 556
51.19088173365263 58.89576023159597 558
51.53423651897137 58.977380408459844 556
51.56921856921226 58.98404784336424 560
51.988988539545275 59.087169355969344 566
52.33989916888547 59.1608949837774 575
52.89794923602037 59.44284874935792 624
52.87293974495438 59.20736655598118 696
53.2804551807376 58.90477354215742 664
53.390409773015506 58.60577544010956 629
53.67389964592809 58.55395429317474 604
54.18243976106602 58.38305022441884 589
54.36309075807295 58.33650137505899 588
54.69235521699857 58.2371782812146 590
55.352439145453985 58.02610335368445 573
55.63843218556999 57.928468477690956 569
55.90154248265253 57.62065146080088 579
55.92076990447998 57.37783279754976 593
55.82296277389816 56.93231808745894 589
55.85356980101669 56.19771049193058 588
55.87340415562338 55.94261541704506 587
55.90588094215659 55.596336522610045 582
55.91559603898467 55.45305912444435 581
55.91641081710269 55.43891163566112 580
55.917050334341056 55.3915517290966 576
56.00681824049997 55.12325343327931 577
55.842346726557054 55.051935848603385 580
55.75952484599288 54.778595895003505 579
55.73267101630999 54.731553820957274 585
55.63251301053313 54.45814164657083 587
55.53810402407281 54.38275652580841 592
55.95314015052541 54.318343527313495 594
56.235915954777894 53.713538419926316 595
56.42506603791934 53.36449683630659 593
56.57930486713819 53.06957505511879 595
56.554074050743814 53.62577846041395 593
56.701265795189165 52.88889698298488 -6113
56.462989684959254 52.83604876977658 501
56.82951090322217 52.676271038815756 594
57.044929118415034 52.82199182217016 614
57.00314874534234 52.63690730851377 604
56.96076001389734 52.662489730338585 593
56.81212104690567 52.61729579169982 580
56.562304696709504 52.49350781133226 584
56.33102608863318 52.42220566613366 579
56.319604717084054 52.62241594415049 516
56.54062354127704 52.045312574207145 691
56.323440139373155 52.162905483170604 623
56.02742932416459 52.019497099708666 621
55.807179183179024 51.99020763850937 603
55.64478215291016 52.23460855450377 605
55.742301424939335 51.88593788698429 602
55.65531490314918 51.58921531510715 605
55.546987404255766 51.564520197622436 602
55.484784526585244 51.350922783663854 605
54.97683443923729 50.5226695508921 604
54.43796180315137 51.04711744188105 609
53.996075762226944 51.186913953051956 608
54.15796952718725 51.24075218277316 603
54.171423881728764 51.2319479688171 596
54.149630865901436 51.31226241164095 595
53.33010032898866 51.17594079870723 534
53.418033884664666 51.166627963456094 549
53.60391408223516 51.181482587759874 537
53.31463497121149 51.28377058302728 559
52.84241041240398 51.41591418971817 564
52.374206040695555 51.46930486298564 556
52.11616942873664 51.52199783444905 561
51.88141659795868 51.58278455062236 563
51.88465608157522 51.56415841350249 570
51.96489703029476 51.541972832698086 574
52.03562995168034 51.63050644725584 572
52.025475277490685 51.68110688457502 573
52.105641233735795 52.03591804857701 572
52.19823964770248 52.0822200850021 575
52.224861395092645 52.162038482132424 574
52.19926993365202 52.55121463660844 572
52.0239732899413 52.49646434492685 568
51.98707247411561 52.72928672681695 569
51.93513474236326 53.056618929452 571
51.7886289884387 54.375569290301044 573
51.619866895306934 55.567608676206994 538
51.46780007913375 55.3910280672971 566
51.54687736907588 55.570886580415234 577
51.503680168890114 55.788615814088566 582
51.47768977177195 56.13728745574519 594
51.423601043975154 56.48436133891976 586
51.386694017157744 56.837148426885875 589
51.38582776826494 56.91596120572511 588
51.35231678125184 57.2607445233066 584
51.328136563387204 57.616077766325766 581
51.29465842233581 57.94574319466121 584
51.26711106752958 58.26647972133242 581
51.27115395956146 58.327562991478466 594
51.257253346168476 58.755086742721595 592
51.23716025339556 58.963195720187386 584
51.313981482831 59.0542409269555 588
50.58591860442555 59.382695114384 591
50.41155210530695 57.91613679052538 587
50.69480534334843 57.94089580040728 581
51.064775358658565 59.03403724064856 579
51.536161691435964 58.2565505703034 581
51.42146462264327 58.26102409020128 580
51.54149656040059 58.2088893736901 583
51.07874569855593 59.104695155847644 585
50.81820535980748 58.9038893046755 588
50.93254191019157 58.822594031680985 589
50.51314715011478 58.875574277444485 587
51.253528167118674 59.735825360270574 591
50.62729533498163 58.742889200965145 595
48.272485132449646 58.60107707817118 713
49.19630008248184 57.658858692856306 709
49.26792733262901 57.38676226599629 597
48.46751945782821 56.997828235983235 590
48.70987287200753 56.7725909028541 627
48.615812155109666 56.572127750134015 619
48.546411931179684 56.216292108804595 611
47.72223810559159 55.56781950071374 612
48.97702520079179 55.61105672458024 613
49.35259222389066 55.742824409202576 607
48.89888131126247 55.39618387888328 596
48.97142401285434 55.201721444537505 592
49.03615626738386 54.844555093898094 591
49.048912816767185 54.63351433380149 590
49.03471705907453 54.1630846484876 589
49.04234151010746 54.10433272000434 585
49.0352287946769 53.826597869162384 582
49.035656907695184 53.53746698207615 579
49.051254600474394 53.24788223339879 572
48.96638959330814 53.161967785613946 566
48.95438483685135 52.660338261112955 564
49.272940917269764 52.43091687089659 559
49.25743982155077 52.11158521951743 555
49.38128943116267 51.76781390354154 554
49.28283449581391 51.37756863247872 555
49.207807642056395 50.990865640412494 545
49.29828172700123 51.02809706482016 558
49.15778435854995 49.91721577717288 570
50.735103052280316 49.81400514695971 571
51.46098959105465 50.061159819911005 583
49.33928724366317 50.650502481279844 584
52.39598409939873 52.57681984699467 580
52.40625970412068 52.86049223219741 584
